0
0
0
0
0
0
0
0
0
0
0
0
0
0
0
0
0
0
0
0
0
0
0
0
0
0
0
0
0
0
0
0
0
0
0
0
0
0
0
0
0
0
0
0
0
0
0
0
0
0
0
0
0
0
0
0
0
0
0
0
0
0
0
0
0
0
0
0
0
0
0
0
0
-2
-4
-6
-8
-10
-12
-14
-16
-18
-20
-20
-20
-20
-20
-20
-20
-20
-22
-24
-26
-28
-30
-32
-34
-36
-38
-40
-42
-44
-46
-48
-50
-52
-54
-56
-58
-60
-62
-64
-66
-68
-70
-72
-74
-76
-78
-78
-78
-80
-82
-84
-86
-88
-90
-92
-94
-96
-97
-98
-99
-100
-101
-102
-103
-104
-105
-106
-107
-108
-109
-110
-111
-112
-113
-114
-115
-116
-117
-118
-120
-122
-124
-126
-128
-130
-132
-134
-136
-138
-140
-142
-144
-146
-148
-150
-152
-154
-156
-158
-160
-162
-164
-166
-168
-170
-172
-174
-176
-178
-180
-182
-184
-186
-188
-190
-190
-190
-190
-190
-190
-190
-192
-194
-196
-198
-200
-202
-204
-206
-208
-210
-212
-214
-216
-218
-220
-222
-224
-226
-228
-230
-232
-234
-236
-236
-236
-236
-236
-236
-236
-236
-236
-236
-236
-236
-236
-236
-236
-236
-236
-236
-236
-238
-240
-242
-244
-246
-248
-250
-252
-254
-256
-258
-260
-262
-264
-266
-268
-270
-272
-274
-274
-274
-274
-274
-274
-274
-276
-278
-280
-282
-284
-286
-288
-290
-291
-292
-293
-294
-295
-296
-297
-298
-299
-300
-300
-300
-300
-300
-300
-300
-300
-300
-300
-300
-300
-300
-300
-300
-300
-300
-300
-300
-300
-300
-300
-300
-300
-300
-300
-300
-300
-300
-300
-300
-300
-300
-300
-300
-301
-302
-303
-304
-305
-306
-307
-308
-309
-310
-311
-312
-313
-314
-315
-316
-317
-318
-319
-320
-321
-322
-323
-323
-323
-323
-323
-323
-323
-323
-323
-323
-323
-323
-323
-323
-323
-323
-323
-323
-323
-323
-323
-323
-323
-323
-323
-323
-323
-323
-323
-323
-323
-323
-323
-323
-323
-323
-323
-323
-323
-323
-323
-323
-323
-323
-323
-323
-323
-323
-323
-323
-323
-323
-323
-323
-323
-323
-323
-323
-323
-323
-323
-322
-321
-320
-319
-318
-317
-316
-315
-314
-313
-313
-313
-313
-312
-311
-310
-309
-308
-307
-307
-307
-307
-307
-307
-307
-307
-307
-307
-307
-307
-307
-307
-306
-305
-304
-303
-302
-301
-300
-299
-298
-297
-296
-295
-294
-293
-292
-291
-290
-289
-288
-287
-286
-285
-284
-283
-282
-281
-280
-279
-278
-277
-276
-276
-276
-276
-276
-276
-276
-276
-276
-276
-276
-276
-276
-276
-276
-276
-276
-276
-276
-276
-276
-276
-276
-276
-276
-276
-276
-276
-276
-276
-276
-276
-276
-276
-276
-276
-276
-276
-276
-276
-276
-276
-276
-276
-276
-276
-276
-276
-276
-276
-276
-276
-276
-276
-276
-276
-276
-276
-276
-276
-276
-276
-276
-276
-276
-276
-276
-276
-276
-276
-276
-276
-276
-276
-276
-276
-276
-276
-276
-276
-276
-276
-276
-276
-276
-276
-276
-276
-276
-276
-276
-276
-276
-276
-276
-276
-276
-276
-276
-276
-276
-276
-276
-276
-276
-276
-276
-276
-276
-276
-276
-276
-276
-276
-276
-276
-276
-276
-276
-276
-276
-276
-276
-276
-276
-276
-276
-276
-276
-276
-276
-276
-276
-276
-276
-276
-276
-276
-276
-276
-276
-276
-276
-276
-276
-276
-276
-276
-276
-276
-276
-276
-276
-276
-276
-276
-276
-276
-276
-276
-276
-276
-276
-276
-276
-276
-276
-276
-276
-276
-276
-276
-276
-276
-276
-276
-276
-276
-276
-276
-276
-276
-276
-276
-276
-276
-276
-278
-280
-282
-284
-286
-288
-290
-292
-294
-296
-296
-296
-296
-296
-296
-296
-296
-296
-296
-298
-300
-302
-304
-306
-308
-310
-312
-314
-316
-318
-320
-322
-324
-326
-328
-330
-332
-334
-336
-338
-339
-340
-341
-342
-343
-344
-345
-346
-347
-348
-349
-350
-351
-352
-353
-354
-355
-356
-357
-358
-359
0
-1
-2
-3
-3
-3
-3
-3
-3
-3
-4
-5
-6
-7
-8
-9
-10
-11
-12
-13
-14
-15
-16
-17
-18
-19
-20
-21
-22
-23
-24
-25
-26
-27
-28
-29
-30
-31
-32
-32
-32
-32
-32
-32
-32
-32
-32
-32
-32
-32
-32
-32
-32
-32
-32
-32
-32
-32
-32
-32
-32
-32
-32
-32
-32
-33
-34
-35
-36
-37
-38
-39
-40
-41
-42
-42
-43
-44
-45
-46
-47
-48
-49
-50
-51
-52
-53
-54
-55
-56
-57
-58
-58
-58
-58
-58
-58
-59
-60
-61
-62
-63
-64
-65
-66
-67
-68
-69
-70
-71
-72
-73
-74
-75
-76
-77
-78
-79
-80
-81
-82
-83
-84
-85
-86
-87
-88
-89
-90
-91
-92
-93
-94
-95
-96
-97
-98
-99
-100
-101
-102
-103
-104
-105
-106
-107
-108
-109
-110
-111
-112
-112
-112
-112
-112
-112
-112
-113
-114
-115
-116
-117
-118
-119
-120
-121
-122
-123
-124
-125
-126
-127
-128
-129
-130
-131
-132
-133
-134
-135
-136
-137
-138
-139
-140
-141
-142
-143
-144
-145
-146
-147
-148
-149
-150
-151
-152
-153
-154
-155
-156
-158
-160
-162
-164
-166
-168
-170
-172
-174
-176
-178
-180
-182
-184
-184
-184
-184
-184
-184
-184
-184
-184
-184
-184
-184
-184
-184
-184
-184
-184
-184
-184
-184
-184
-184
-184
-184
-184
-184
-184
-184
-184
-184
-184
-184
-184
-184
-184
-184
-184
-184
-184
-184
-184
-184
-184
-184
-184
-184
-184
-184
-184
-184
-184
-184
-184
-184
-184
-184
-184
-184
-184
-184
-184
-184
-184
-184
-184
-184
-184
-184
-184
-184
-184
-184
-184
-184
-184
-184
-184
-184
-184
-184
-184
-184
-184
-184
-184
-184
-184
-184
-184
-184
-184
-184
-184
-184
-184
-184
-184
-184
-184
-184
-184
-184
-184
-184
-184
-184
-184
-184
-184
-184
-184
-184
-184
-184
-184
-184
-184
-184
-184
-184
-184
-184
-184
-184
-184
-184
-184
-184
-184
-184
-184
-184
-184
-184
-182
-180
-178
-176
-174
-172
-170
-168
-166
-164
-164
-164
-164
-164
-164
-164
-164
-164
-164
-162
-160
-158
-156
-154
-152
-150
-148
-146
-144
-142
-140
-138
-136
-134
-132
-130
-129
-128
-127
-126
-125
-124
-123
-122
-121
-120
-120
-120
-120
-120
-120
-120
-120
-120
-120
-120
-120
-119
-118
-117
-116
-115
-114
-113
-112
-111
-110
-109
-108
-107
-106
-105
-103
-101
-99
-97
-95
-93
-91
-89
-87
-85
-85
-85
-85
-85
-85
-83
-81
-79
-77
-75
-73
-71
-69
-67
-65
-63
-62
-61
-60
-59
-58
-57
-56
-55
-54
-53
-53
-53
-53
-53
-53
-53
-52
-51
-50
-49
-48
-47
-46
-45
-44
-43
-42
-41
-40
-39
-38
-37
-36
-35
-34
-33
-32
-31
-30
-29
-28
-27
-26
-25
-24
-23
-22
-21
-20
-19
-18
-17
-16
-15
-14
-13
-12
-11
-10
-9
-8
-7
-6
-5
-4
-3
-2
-1
0
1
2
2
2
2
2
2
2
2
2
2
2
2
2
2
2
2
2
2
2
2
2
2
2
2
2
2
2
2
2
2
2
2
2
2
2
2
2
2
2
2
2
2
2
2
2
2
2
2
2
2
2
2
2
2
2
2
2
2
2
2
2
2
2
2
2
2
2
2
2
2
2
2
2
2
2
2
2
2
2
2
2
2
2
2
2
2
2
2
2
2
2
2
2
2
2
2
2
2
2
2
2
2
2
2
2
2
2
2
2
2
2
2
2
2
2
2
2
2
2
2
2
2
2
2
2
2
2
2
2
2
2
2
2
2
2
2
2
2
2
2
2
2
2
2
2
2
2
2
2
2
2
2
2
2
2
2
2
2
2
2
2
2
2
2
2
2
2
2
2
2
2
2
2
2
2
2
2
2
2
2
2
2
2
2
2
2
2
2
2
2
2
2
2
2
2
2
2
2
2
2
2
2
2
2
2
2
2
2
2
2
2
2
2
2
2
2
2
2
2
2
2
2
2
2
2
2
2
2
2
2
2
2
2
2
2
2
2
2
2
2
2
2
2
2
2
2
2
2
2
2
2
2
2
2
2
2
2
2
2
2
2
2
2
2
2
2
2
2
2
2
2
2
2
2
2
2
2
2
2
2
2
2
2
2
2
2
2
2
2
2
2
2
2
2
2
2
2
2
2
2
2
2
2
2
2
2
2
2
2
2
2
2
2
2
2
2
2
2
2
2
2
2
2
2
2
2
2
2
2
2
2
2
2
2
2
2
2
2
2
2
2
2
2
2
2
2
2
2
2
2
2
2
2
2
2
2
2
2
2
2
2
2
2
2
2
2
2
2
2
2
2
2
2
2
2
2
2
2
2
2
2
2
2
2
2
2
2
2
2
2
2
2
2
2
2
2
2
2
2
2
2
2
2
2
2
2
2
2
2
2
2
2
2
2
2
2
2
2
2
4
6
8
10
12
14
16
18
20
22
22
22
22
22
22
22
24
26
28
30
32
34
36
38
40
42
44
46
48
50
52
54
56
58
60
62
63
64
65
66
67
68
69
70
71
72
72
72
72
72
72
72
72
72
72
72
72
72
72
72
72
72
72
72
72
72
72
72
72
72
72
72
72
72
72
72
72
72
72
72
72
72
72
72
72
72
72
72
72
72
72
72
72
72
72
72
72
72
72
72
72
72
72
72
72
72
72
72
72
72
72
72
72
72
72
72
72
72
72
72
72
72
72
72
72
72
72
72
73
74
75
76
77
78
79
80
81
82
83
84
83
82
81
80
79
78
77
76
75
74
74
74
74
74
74
73
72
71
70
69
68
67
66
65
64
63
62
61
60
59
58
57
56
55
55
55
55
55
55
55
55
55
55
55
55
55
55
55
54
53
52
51
50
49
49
49
49
49
49
49
49
49
49
49
49
49
49
49
49
49
49
49
49
49
49
49
49
49
49
49
49
49
49
49
49
48
47
46
45
44
43
42
41
40
39
39
39
39
39
39
39
39
39
39
39
39
39
39
39
38
37
36
35
34
33
32
31
30
29
28
27
26
25
27
29
31
33
35
37
39
41
43
45
45
45
45
45
45
45
45
45
45
45
47
49
51
53
55
57
59
61
63
65
67
69
71
73
75
77
78
79
80
81
82
83
84
85
86
87
87
87
87
87
87
87
87
87
87
87
87
87
87
87
87
87
87
87
87
87
87
87
87
87
87
87
87
87
87
87
87
87
88
89
90
91
92
93
94
94
94
94
94
94
94
94
94
94
94
94
94
94
94
94
94
94
94
94
94
94
94
94
94
94
94
94
94
94
94
94
94
94
94
94
94
94
94
94
94
94
94
94
94
94
94
94
94
94
94
94
94
94
94
94
94
94
94
94
94
94
94
94
94
94
94
94
94
94
94
94
94
94
94
94
94
94
94
94
94
94
94
94
94
94
96
98
100
102
104
106
108
110
112
114
114
114
114
114
114
114
114
114
114
114
114
116
118
120
122
124
126
128
130
132
134
136
138
140
142
144
146
148
150
152
154
156
158
160
162
164
166
168
170
172
174
176
178
180
182
184
186
188
190
192
194
196
198
200
202
204
204
204
204
204
204
204
204
204
204
204
204
204
204
204
204
204
204
204
204
204
204
204
204
204
204
204
204
204
204
204
204
204
204
204
204
204
204
204
204
204
204
204
204
204
204
204
204
204
204
204
204
206
208
210
212
214
216
218
220
222
224
226
228
230
232
234
236
236
236
236
236
236
236
236
236
236
236
236
236
236
236
236
236
236
238
240
242
244
246
248
250
252
254
256
258
258
258
258
258
258
258
258
258
258
258
258
258
258
258
258
258
258
259
260
261
262
263
264
265
266
267
267
267
267
267
267
267
267
267
267
267
267
267
267
267
267
267
267
267
267
267
267
267
267
267
267
267
267
267
267
267
267
267
267
267
267
267
267
267
267
267
267
267
267
267
267
267
267
267
267
267
267
267
267
267
267
267
267
267
267
267
267
267
267
267
267
267
267
267
267
267
267
267
267
267
267
267
267
267
267
267
267
267
267
267
267
267
267
267
267
267
267
267
267
267
267
267
267
267
267
267
267
267
267
267
267
265
263
261
259
257
255
253
251
249
247
247
247
247
245
243
241
239
237
235
233
231
229
227
225
223
221
219
217
215
213
211
209
209
209
207
205
203
201
199
197
195
193
192
191
190
189
188
187
186
185
184
183
183
183
183
183
183
183
183
183
183
183
183
183
183
183
183
183
183
183
183
183
183
183
183
183
183
183
183
183
183
183
183
183
183
183
183
183
183
183
183
183
183
183
183
183
183
183
183
183
183
183
183
183
183
183
183
183
183
183
183
183
183
183
183
183
183
183
183
183
183
183
183
183
183
183
183
183
183
183
183
183
183
183
183
183
183
183
183
183
183
183
183
183
183
183
183
183
183
183
183
183
183
183
183
183
183
183
183
183
183
183
183
183
183
183
183
183
183
183
183
183
183
183
183
183
183
183
183
183
183
183
183
183
183
183
183
183
183
183
183
183
183
183
183
183
183
182
181
180
179
178
177
176
175
174
173
172
171
170
169
168
167
166
165
164
163
162
161
161
161
161
161
161
161
161
161
161
161
161
161
161
161
161
161
161
161
161
161
161
161
161
160
159
158
157
156
155
154
153
152
151
150
149
148
147
146
146
146
146
146
146
146
146
146
146
145
144
143
142
141
140
139
138
137
136
135
134
133
132
131
130
129
128
127
126
125
124
123
122
121
120
119
118
117
116
115
114
113
112
111
110
109
108
107
106
105
104
103
102
101
100
99
98
97
96
95
94
93
92
91
90
89
88
87
86
85
84
83
82
81
80
79
78
77
76
75
74
73
72
71
70
69
68
67
66
65
64
63
62
61
60
59
58
57
56
55
54
53
52
51
50
49
48
47
46
45
44
43
42
41
40
39
38
37
36
35
34
33
32
31
30
29
28
27
26
25
24
23
23
23
23
23
23
23
23
23
23
23
22
21
20
19
18
17
16
15
14
13
12
11
10
9
8
7
6
5
4
3
2
1
0
-1
-2
-3
-4
-5
-6
-7
-8
-9
-10
-11
-12
-13
-14
-14
-14
-14
-14
-14
-14
-14
-14
-14
-14
-14
-14
-15
-16
-17
-18
-19
-20
-21
-22
-23
-24
-25
-26
-26
-26
-26
-26
-26
-26
-26
-26
-26
-26
-26
-26
-27
-28
-29
-30
-31
-32
-33
-34
-35
-36
-37
-38
-39
-39
-39
-39
-39
-39
-39
-39
-39
-39
-39
-39
-39
-39
-39
-39
-39
-39
-39
-39
-39
-39
-39
-39
-39
-39
-39
-39
-40
-41
-42
-43
-44
-45
-46
-47
-48
-49
-50
-51
-52
-53
-54
-55
-56
-57
-58
-59
-60
-61
-62
-63
-64
-65
-66
-67
-68
-69
-70
-71
-72
-73
-74
-75
-76
-77
-78
-79
-80
-81
-82
-83
-84
-85
-86
-87
-88
-89
-90
-91
-92
-93
-94
-95
-96
-97
-97
-97
-97
-97
-97
-97
-97
-97
-97
-97
-97
-97
-97
-97
-97
-97
-97
-97
-97
-97
-97
-97
-97
-97
-97
-97
-97
-97
-97
-97
-97
-97
-97
-97
-97
-97
-97
-97
-97
-97
-97
-97
-97
-97
-97
-97
-97
-97
-97
-97
-97
-97
-97
-97
-97
-97
-97
-97
-97
-97
-97
-97
-97
-97
-97
-97
-97
-97
-97
-97
-97
-97
-97
-97
-97
-97
-97
-97
-97
-97
-97
-97
-97
-97
-97
-97
-97
-97
-97
-97
-97
-97
-97
-97
-97
-97
-97
-97
-97
-97
-97
-97
-97
-97
-97
-97
-97
-97
-97
-97
-97
-97
-97
-97
-97
-97
-97
-97
-97
-97
-97
-97
-97
-97
-97
-97
-97
-97
-97
-97
-97
-97
-96
-95
-94
-93
-92
-91
-90
-89
-88
-87
-87
-87
-87
-87
-87
-87
-87
-87
-87
-87
-87
-87
-87
-87
-87
-87
-87
-87
-87
-87
-87
-87
-87
-87
-87
-87
-87
-87
-87
-87
-87
-87
-87
-87
-87
-87
-87
-87
-87
-87
-87
-87
-87
-86
-85
-84
-83
-83
-83
-83
-83
-83
-83
-83
-83
-83
-83
-83
-83
-83
-83
-83
-83
-83
-83
-83
-83
-83
-83
-83
-83
-83
-83
-83
-83
-83
-83
-83
-83
-83
-83
-83
-83
-83
-83
-83
-83
-83
-83
-83
-83
-83
-83
-83
-83
-83
-83
-83
-83
-83
-83
-83
-83
-83
-83
-83
-83
-83
-83
-83
-83
-83
-83
-83
-83
-83
-83
-83
-83
-83
-83
-83
-83
-83
-83
-83
-83
-83
-83
-83
-83
-83
-83
-83
-83
-83
-83
-83
-83
-83
-83
-83
-83
-83
-83
-83
-83
-83
-83
-83
-83
-83
-82
-81
-80
-79
-78
-77
-76
-75
-74
-73
-73
-73
-73
-73
-73
-73
-73
-72
-71
-70
-69
-68
-67
-66
-65
-64
-63
-62
-61
-60
-59
-58
-57
-56
-55
-54
-53
-52
-51
-50
-49
-48
-47
-46
-45
-44
-43
-42
-41
-40
-39
-38
-37
-36
-35
-34
-33
-32
-31
-30
-29
-28
-27
-26
-25
-24
-23
-22
-21
-20
-19
-18
-17
-16
-15
-14
-13
-12
-11
-11
-10
-9
-8
-7
-6
-5
-5
-5
-5
-5
-5
-5
-5
-5
-5
-5
-5
-5
-5
-5
-5
-5
-5
-5
-5
-5
-5
-5
-5
-5
-5
-5
-5
-5
-5
-5
-5
-5
-5
-5
-5
-5
-5
-5
-5
-5
-5
-5
-5
-5
-5
-5
-5
-5
-5
-5
-5
-5
-5
-5
-5
-5
-5
-5
-5
-5
-5
-5
-5
-5
-5
-5
-5
-5
-5
-5
-5
-5
-5
-5
-5
-5
-5
-5
-5
-5
-5
-5
-5
-5
-5
-5
-5
-5
-5
-5
-5
-5
-5
-5
-5
-5
-5
-5
-5
-5
-5
-5
-5
-5
-5
-5
-5
-5
-5
-5
-5
-5
-5
-5
-5
-5
-5
-5
-5
-5
-3
-1
1
3
5
7
9
11
13
15
15
15
15
15
15
17
19
21
23
25
27
29
31
33
35
37
39
41
43
45
47
49
51
53
55
57
59
61
63
65
67
67
67
69
71
73
75
77
79
81
83
85
87
88
89
90
91
92
93
94
95
96
97
97
97
97
98
99
100
101
102
103
104
105
106
107
108
109
110
111
112
113
114
115
116
117
118
118
118
119
120
121
122
123
124
125
126
127
128
129
130
131
132
133
134























































































































































































































































































































































































































































































































































































































































































































































































































































































































































































































































































































































































































































































































































































































































































































































































































































































































































































































































































































































































































































































































































































































































































































































































































































































































































































































































































































































































































































































































































































































































































































































































































































































































































































































































































































































































































































































