0
0
0
0
0
0
0
0
0
0
0
0
0
0
0
0
0
0
0
0
0
0
0
0
0
0
0
0
0
0
0
0
0
0
0
0
0
0
0
0
0
0
0
0
0
0
0
0
0
0
0
0
0
0
0
0
0
0
0
0
0
0
0
0
0
-2
-4
-6
-8
-10
-12
-14
-16
-18
-20
-20
-20
-20
-20
-20
-20
-20
-22
-24
-26
-28
-30
-32
-34
-36
-38
-40
-42
-44
-46
-48
-50
-52
-54
-56
-58
-60
-62
-64
-66
-68
-70
-72
-74
-76
-78
-80
-82
-84
-86
-88
-90
-90
-90
-90
-90
-90
-90
-90
-90
-90
-90
-90
-90
-90
-90
-90
-90
-92
-94
-96
-98
-100
-102
-104
-106
-108
-110
-112
-114
-116
-118
-120
-122
-124
-126
-128
-130
-132
-134
-136
-138
-140
-142
-144
-146
-148
-150
-152
-154
-156
-158
-158
-158
-158
-158
-158
-158
-158
-158
-158
-158
-158
-158
-158
-158
-158
-158
-158
-158
-158
-158
-158
-158
-158
-158
-158
-158
-158
-158
-158
-158
-160
-162
-164
-166
-168
-170
-172
-174
-176
-178
-180
-182
-184
-186
-188
-190
-192
-194
-196
-198
-200
-202
-204
-206
-208
-210
-211
-212
-213
-214
-215
-216
-217
-218
-219
-220
-220
-220
-220
-220
-220
-220
-220
-220
-220
-220
-220
-220
-220
-220
-220
-220
-220
-220
-220
-220
-220
-220
-220
-220
-220
-221
-222
-223
-224
-225
-226
-227
-228
-229
-230
-231
-232
-233
-234
-235
-236
-237
-238
-239
-240
-241
-242
-243
-244
-245
-246
-247
-248
-249
-250
-251
-252
-253
-254
-255
-257
-259
-261
-263
-265
-267
-269
-271
-273
-275
-275
-275
-275
-275
-277
-279
-281
-283
-285
-287
-289
-291
-293
-295
-297
-299
-301
-303
-305
-307
-309
-310
-311
-312
-313
-314
-315
-316
-317
-318
-319
-319
-319
-319
-319
-319
-319
-319
-319
-319
-319
-319
-320
-321
-322
-323
-324
-325
-326
-327
-328
-329
-330
-331
-332
-333
-334
-335
-336
-337
-338
-339
-340
-341
-342
-343
-344
-345
-346
-347
-347
-347
-347
-347
-347
-347
-347
-347
-347
-347
-347
-348
-349
-350
-351
-352
-352
-352
-352
-352
-352
-352
-352
-352
-352
-352
-352
-352
-352
-352
-352
-352
-352
-352
-352
-352
-352
-352
-352
-352
-352
-352
-352
-352
-352
-352
-352
-352
-352
-352
-352
-352
-352
-352
-352
-352
-352
-352
-352
-352
-352
-352
-352
-352
-352
-352
-352
-352
-352
-352
-352
-352
-352
-352
-352
-352
-352
-352
-352
-352
-352
-352
-352
-352
-352
-352
-352
-352
-352
-352
-352
-352
-352
-352
-352
-352
-352
-352
-352
-352
-352
-352
-352
-352
-352
-352
-352
-352
-352
-352
-352
-352
-352
-352
-352
-352
-352
-352
-352
-352
-352
-352
-352
-352
-352
-352
-352
-352
-352
-352
-352
-352
-352
-352
-352
-352
-352
-352
-352
-352
-352
-352
-352
-352
-352
-352
-352
-352
-352
-352
-352
-352
-352
-352
-352
-352
-352
-352
-352
-352
-352
-352
-352
-352
-352
-352
-352
-352
-352
-352
-352
-352
-352
-352
-352
-352
-352
-352
-352
-352
-352
-352
-352
-352
-352
-352
-352
-352
-352
-352
-352
-352
-352
-352
-352
-352
-352
-352
-352
-352
-352
-352
-352
-352
-352
-352
-352
-352
-352
-352
-352
-352
-352
-352
-352
-352
-352
-352
-352
-352
-352
-352
-352
-352
-352
-352
-352
-352
-352
-352
-352
-352
-352
-352
-352
-352
-352
-352
-352
-352
-352
-352
-352
-351
-350
-349
-348
-347
-346
-345
-344
-343
-342
-342
-342
-342
-342
-342
-342
-342
-342
-342
-342
-342
-342
-342
-342
-342
-342
-342
-342
-342
-342
-342
-342
-342
-342
-342
-342
-342
-342
-342
-342
-342
-342
-342
-342
-342
-342
-342
-342
-342
-342
-342
-342
-342
-342
-342
-342
-342
-342
-342
-342
-342
-342
-342
-342
-342
-342
-342
-342
-342
-342
-342
-342
-342
-342
-342
-342
-342
-342
-342
-342
-342
-342
-342
-342
-342
-342
-342
-342
-342
-342
-342
-342
-342
-342
-342
-342
-342
-342
-342
-342
-342
-342
-342
-342
-342
-342
-342
-342
-342
-342
-342
-342
-342
-342
-342
-342
-342
-342
-342
-342
-342
-342
-342
-342
-342
-342
-342
-342
-342
-342
-342
-342
-342
-342
-342
-342
-342
-342
-342
-342
-342
-342
-342
-342
-342
-342
-342
-342
-342
-342
-342
-342
-342
-342
-342
-342
-342
-342
-342
-342
-342
-342
-342
-342
-342
-342
-342
-342
-342
-342
-342
-342
-342
-342
-342
-342
-342
-342
-342
-342
-342
-342
-342
-342
-342
-342
-342
-342
-342
-342
-342
-342
-342
-342
-342
-342
-342
-342
-342
-342
-342
-342
-342
-342
-342
-342
-342
-342
-342
-342
-342
-342
-342
-342
-342
-342
-342
-342
-342
-342
-342
-342
-342
-342
-342
-342
-342
-342
-342
-342
-342
-342
-342
-342
-342
-342
-342
-342
-342
-342
-342
-342
-342
-342
-342
-342
-342
-342
-342
-342
-342
-342
-342
-342
-342
-342
-342
-342
-342
-342
-342
-342
-342
-342
-342
-342
-342
-342
-342
-341
-340
-339
-338
-337
-336
-335
-334
-333
-332
-331
-330
-329
-328
-327
-326
-325
-324
-324
-324
-324
-324
-324
-324
-324
-324
-324
-324
-324
-324
-323
-322
-321
-320
-319
-318
-318
-318
-318
-318
-318
-318
-318
-318
-318
-318
-318
-318
-318
-318
-318
-318
-318
-318
-318
-318
-318
-318
-318
-318
-318
-318
-318
-318
-318
-318
-318
-318
-318
-318
-318
-318
-318
-318
-318
-318
-318
-318
-318
-318
-318
-318
-318
-320
-322
-324
-326
-328
-330
-332
-334
-336
-338
-338
-338
-338
-338
-338
-338
-338
-338
-338
-338
-338
-338
-338
-338
-338
-338
-338
-338
-338
-338
-338
-338
-338
-338
-338
-338
-338
-338
-338
-338
-340
-342
-344
-346
-348
-350
-352
-354
-356
-358
0
1
2
3
4
5
6
7
8
9
10
10
10
10
10
10
10
10
11
12
13
14
15
16
17
18
19
20
21
22
23
23
23
23
23
23
23
23
23
23
23
23
23
23
23
23
23
23
23
23
23
23
23
23
23
23
23
23
23
23
23
23
23
23
23
23
23
23
23
23
23
23
23
23
23
23
23
23
23
23
23
23
23
23
23
23
23
23
23
23
23
23
23
23
23
23
23
23
23
23
23
23
23
23
23
23
23
23
23
23
23
23
23
23
23
23
23
23
23
23
23
23
23
23
23
23
23
23
23
25
27
29
31
33
35
37
39
41
43
43
43
43
43
43
43
43
43
43
43
43
43
43
43
45
47
49
51
53
55
57
59
61
63
65
67
69
71
73
75
77
79
81
83
85
87
89
91
93
95
97
99
101
103
105
107
109
111
113
115
117
119
119
119
119
119
119
119
119
119
119
119
119
119
119
119
119
119
119
119
119
119
119
119
119
119
119
119
119
119
119
119
119
119
119
119
119
119
119
119
121
123
125
127
129
131
133
135
137
139
139
139
139
139
139
139
139
139
139
139
139
139
139
139
139
139
139
139
139
139
139
139
139
139
139
139
139
139
139
139
139
139
139
139
139
139
139
139
139
139
139
140
141
142
143
144
145
146
147
148
149
150
151
152
153
154
155
156
157
158
159
160
161
162
163
164
165
166
167
168
169
170
171
172
173
174
175
176
177
178
178
178
178
178
178
178
178
178
178
178
178
178
178
178
178
178
178
178
178
178
178
178
178
179
180
181
182
183
184
185
186
187
188
189
189
189
189
189
189
189
189
189
189
189
189
189
189
189
189
189
189
189
189
189
189
189
189
189
189
189
189
189
189
189
189
189
189
189
189
189
189
189
189
189
189
189
189
189
189
189
189
189
189
189
189
189
189
189
189
189
189
189
189
189
189
189
189
189
189
189
189
189
189
189
189
189
189
189
189
189
189
189
189
189
189
189
189
189
189
189
189
189
189
189
189
189
189
189
189
189
189
189
189
189
189
189
189
189
189
189
189
189
189
189
189
189
189
189
189
189
189
189
189
189
189
189
189
189
189
189
189
189
189
189
189
189
189
189
189
189
189
189
189
189
191
193
195
197
199
201
203
205
207
209
209
209
209
209
209
209
209
209
209
209
209
209
209
211
213
215
217
219
221
223
225
227
229
231
233
235
237
239
241
243
245
247
249
251
253
255
257
259
260
261
262
263
264
265
266
267
268
269
269
269
269
270
271
272
273
274
275
276
277
278
279
280
281
282
283
284
285
286
287
288
289
290
291
292
293
294
295
295
295
295
295
295
295
296
297
298
299
300
301
302
303
304
305
306
307
308
309
310
311
312
313
314
315
316
317
318
319
320
321
322
323
324
325
326
327
328
329
330
331
332
333
334
335
336
337
338
339
340
341
342
343
344
345
346
347
348
349
350
351
352
353
354
355
356
357
358
359
0
1
1
1
1
1
2
3
4
5
6
7
8
9
10
10
10
10
10
10
10
10
10
10
10
10
10
10
10
10
10
10
10
10
10
10
10
10
10
10
10
10
10
10
10
10
10
10
10
10
10
10
10
10
10
10
10
10
10
10
10
10
10
10
10
10
10
10
10
10
10
10
10
10
10
10
10
10
10
10
10
10
10
10
10
10
10
10
10
10
10
10
10
10
10
10
10
10
10
10
10
10
10
10
10
10
10
10
10
10
10
10
10
10
10
10
10
10
10
10
10
10
10
10
10
10
10
10
10
10
10
10
10
10
10
10
10
10
10
10
10
10
10
10
10
10
10
10
10
10
10
10
10
10
10
10
10
10
10
10
10
10
10
10
10
10
10
10
10
10
10
10
10
10
10
10
10
10
10
10
10
10
10
10
10
10
10
10
10
10
10
10
10
10
10
10
10
10
10
10
10
10
10
10
10
10
10
10
10
10
10
10
10
10
10
10
10
10
10
10
10
10
10
10
10
10
10
10
10
10
10
10
10
10
10
10
10
10
10
10
10
10
10
10
10
10
10
10
10
10
10
10
10
10
10
10
10
10
10
10
10
10
10
10
10
10
10
10
10
10
10
10
10
10
10
10
10
10
10
10
10
10
10
10
10
10
10
10
10
10
10
10
10
10
10
10
10
10
10
10
10
10
10
10
10
10
10
11
12
13
14
15
16
17
18
19
20
21
22
23
24
25
26
27
28
29
30
31
32
33
34
35
36
37
38
39
40
41
42
43
44
45
46
47
48
49
50
51
52
53
54
55
56
57
58
59
60
61
62
63
64
65
66
67
68
69
70
71
72
73
74
75
76
77
78
79
80
81
82
83
84
85
86
87
88
89
90
91
92
93
94
95
96
96
96
96
96
96
96
96
96
96
96
96
96
96
96
96
96
96
96
96
96
96
96
96
96
96
96
96
96
96
96
96
96
96
96
96
96
96
96
96
96
96
96
96
96
96
96
96
96
96
96
96
96
96
96
96
96
96
96
96
96
96
96
96
96
96
96
96
96
96
96
96
96
96
96
96
96
96
96
96
96
96
96
96
96
96
96
96
96
96
96
96
96
96
96
96
96
96
96
96
96
96
96
96
96
96
96
96
96
96
96
96
96
96
96
96
96
96
96
96
96
96
96
96
96
96
96
96
96
96
96
96
96
96
96
96
96
96
96
96
96
96
96
96
96
96
96
96
96
96
96
96
96
96
96
96
96
96
96
96
96
96
96
96
96
96
96
96
96
96
96
96
96
96
96
96
96
96
96
96
96
96
96
96
96
96
96
96
96
96
96
96
96
96
96
96
96
96
96
96
96
96
96
96
96
96
96
96
96
96
96
96
96
96
96
96
96
96
96
96
96
96
96
96
96
96
96
96
96
96
96
96
96
96
96
96
96
96
96
96
96
96
96
96
96
96
96
96
96
96
96
96
96
96
96
96
96
96
96
96
96
96
96
96
96
96
96
96
96
96
96
96
96
96
96
96
96
96
96
96
96
96
96
96
96
96
96
96
96
96
96
97
98
99
100
101
102
103
104
105
106
107
108
109
110
111
112
113
114
115
116
117
118
119
120
121
122
123
124
125
126
124
122
120
118
116
114
112
110
108
106
106
106
106
106
106
106
106
106
106
106
104
102
100
98
96
94
92
90
88
86
84
82
81
80
79
78
77
76
75
74
73
72
72
72
72
72
72
72
72
72
72
72
72
72
72
72
72
72
72
72
72
72
72
72
72
72
72
72
72
72
72
72
72
72
72
72
72
72
72
72
72
72
72
72
72
72
72
72
72
72
72
72
72
72
72
72
72
72
72
72
72
72
72
72
72
72
72
72
72
72
72
72
72
72
72
72
72
72
72
72
72
72
72
72
72
72
72
72
72
72
72
72
72
72
72
72
72
72
71
70
69
68
67
66
65
64
63
62
61
60
59
58
57
56
55
54
53
52
51
50
49
48
47
46
45
44
43
42
41
41
41
41
41
41
41
40
39
38
37
36
35
34
33
32
31
30
29
28
27
26
25
24
23
22
21
20
19
18
17
16
15
14
13
12
11
10
9
8
7
6
5
4
3
2
1
0
-1
-2
-3
-4
-5
-5
-5
-5
-5
-5
-5
-5
-5
-5
-5
-5
-5
-5
-5
-5
-5
-5
-5
-5
-5
-5
-5
-5
-5
-5
-5
-5
-5
-5
-5
-5
-5
-5
-5
-5
-5
-5
-5
-5
-5
-5
-5
-5
-5
-5
-5
-5
-5
-5
-5
-5
-5
-5
-5
-5
-5
-5
-5
-5
-5
-5
-5
-5
-5
-5
-5
-5
-5
-5
-5
-5
-5
-5
-5
-5
-5
-5
-5
-5
-5
-5
-5
-5
-5
-5
-5
-5
-5
-5
-5
-5
-5
-5
-5
-5
-5
-5
-5
-5
-5
-5
-5
-5
-5
-5
-5
-5
-5
-5
-5
-5
-5
-5
-5
-5
-5
-5
-5
-5
-5
-5
-6
-7
-8
-9
-10
-11
-12
-13
-13
-13
-13
-13
-13
-13
-13
-13
-13
-13
-13
-13
-13
-13
-13
-13
-13
-13
-13
-13
-13
-13
-13
-13
-13
-13
-13
-13
-13
-13
-13
-13
-13
-13
-13
-13
-13
-13
-13
-13
-13
-13
-13
-13
-13
-13
-13
-13
-13
-13
-13
-13
-13
-13
-13
-13
-13
-13
-13
-13
-13
-13
-13
-13
-13
-13
-13
-13
-13
-13
-13
-13
-13
-13
-13
-13
-13
-13
-13
-13
-13
-13
-13
-13
-13
-13
-13
-13
-13
-13
-13
-13
-13
-13
-13
-13
-13
-13
-13
-13
-13
-13
-13
-12
-11
-10
-9
-8
-7
-6
-5
-4
-3
-3
-3
-3
-3
-3
-3
-3
-3
-3
-3
-3
-3
-3
-3
-3
-3
-3
-3
-3
-3
-3
-3
-3
-3
-3
-3
-3
-3
-3
-2
-1
0
1
2
3
4
5
6
7
8
9
10
11
12
13
14
15
15
15
15
15
15
15
16
17
18
19
20
21
22
23
24
25
26
27
28
29
29
29
29
29
29
29
29
29
29
29
29
29
29
29
29
29
29
29
29
29
29
29
29
29
29
29
29
29
29
29
29
29
29
29
29
29
29
29
29
29
29
29
29
29
29
29
29
29
29
29
29
29
29
29
29
29
29
29
29
29
29
29
29
29
29
29
29
29
29
29
29
29
29
29
29
29
29
29
29
29
29
29
29
29
29
29
29
29
29
29
29
29
29
29
29
29
29
29
29
29
29
29
29
29
29
29
29
29
29
29
29
29
29
29
29
29
29
29
29
29
29
29
29
29
29
29
29
29
29
29
29
29
29
29
29
29
29
29
29
29
29
29
29
29
29
29
29
29
29
29
29
29
29
29
29
29
29
29
29
29
29
29
29
29
29
29
29
29
29
29
29
29
29
29
29
29
29
29
29
29
29
29
29
29
29
29
29
29
29
29
29
29
29
29
29
29
29
29
29
29
29
29
29
29
29
29
29
29
29
29
29
29
29
29
29
29
29
29
29
29
29
29
29
29
29
29
29
29
29
29
29
29
29
29
29
29
29
29
29
29
29
29
29
29
29
29
29
29
29
29
29
29
29
29
29
29
29
29
29
29
29
29
29
29
29
29
30
31
32
33
34
35
36
37
38
39
40
41
42
43
44
45
46
47
48
49
50
51
52
53
54
55
56
57
58
59
60
61
62
63
64
65
66
67
68
69
70
71
72
73
74
75
76
77
78
79
80
81
82
83
84
85
86
87
88
89
90
91
92
93
94
95
96
97
98
99
100
101
102
103
104
105
106
107
108
109
110
111
112
113
114
115
116
117
118
119
120
120
120
120
120
120
120
120
120
120
120
120
120
120
120
120
120
120
120
120
120
120
120
120
120
120
120
120
120
120
120
120
121
122
123
124
125
126
127
128
129
130
131
132
133
134
135
136
137
138
139
140
141
142
143
144
145
146
147
148
149
150
151
152
153
154
155
156
157
158
159
160
161
162
163
164
165
166
167
167
167
167
167
167
167
167
167
167
167
167
167
167
167
167
167
167
167
167
167
167
167
167
167
167
167
167
167
167
167
167
167
167
167
167
167
167
167
167
167
168
169
170
171
172
173
174
175
176
177
178
177
176
175
174
173
172
171
170
169
168
168
168
167
166
165
164
163
162
161
160
159
158
157
156
155
154
153
152
151
150
149
148
147
146
145
144
143
142
141
140
139
138
137
136
135
134
133
132
131
130
129
128
127
126
125
124
123
122
121
120
119
118
117
116
115
114
113
112
111
110
109
108
107
106
105
104
103
102
101
100
99
98
97
96
95
94
93
92
91
90
89
88
87
86
85
84
83
82
81
81
81
81
81
81
81
81
81
81
81
81
81
81
81
81
81
81
81
81
81
81
81
81
81
81
81
81
81
81
81
81
81
81
81
81
81
81
81
81
81
81
81
81
81
new user:
0
0
0
0
0
0
0
0
0
0
0
0
0
0
0
0
0
0
0
0
0
0
0
0
0
0
0
0
0
0
0
0
0
0
0
0
0
0
0
0
0
0
0
0
0
0
0
0
0
0
0
0
0
0
0
0
0
0
0
0
0
0
0
0
0
0
-2
-4
-6
-8
-10
-12
-14
-16
-18
-20
-20
-20
-20
-20
-20
-20
-20
-22
-24
-26
-28
-30
-32
-34
-36
-38
-40
-42
-44
-46
-48
-50
-52
-54
-56
-58
-60
-62
-64
-66
-68
-70
-72
-74
-76
-78
-80
-82
-84
-86
-88
-90
-90
-90
-90
-90
-90
-90
-90
-90
-90
-90
-90
-90
-90
-90
-90
-90
-92
-94
-96
-98
-100
-102
-104
-106
-108
-110
-112
-114
-116
-118
-120
-122
-124
-126
-128
-130
-132
-134
-136
-138
-140
-142
-144
-146
-148
-150
-152
-154
-156
-158
-158
-158
-158
-158
-158
-158
-158
-158
-158
-158
-158
-158
-158
-158
-158
-158
-158
-158
-158
-158
-158
-158
-158
-158
-158
-158
-158
-158
-158
-158
-160
-162
-164
-166
-168
-170
-172
-174
-176
-178
-180
-182
-184
-186
-188
-190
-192
-194
-196
-198
-200
-202
-204
-206
-208
-210
-211
-212
-213
-214
-215
-216
-217
-218
-219
-220
-220
-220
-220
-220
-220
-220
-220
-220
-220
-220
-220
-220
-220
-220
-220
-220
-220
-220
-220
-220
-220
-220
-220
-220
-220
-221
-222
-223
-224
-225
-226
-227
-228
-229
-230
-231
-232
-233
-234
-235
-236
-237
-238
-239
-240
-241
-242
-243
-244
-245
-246
-247
-248
-249
-250
-251
-252
-253
-254
-255
-257
-259
-261
-263
-265
-267
-269
-271
-273
-275
-275
-275
-275
-275
-277
-279
-281
-283
-285
-287
-289
-291
-293
-295
-297
-299
-301
-303
-305
-307
-309
-310
-311
-312
-313
-314
-315
-316
-317
-318
-319
-319
-319
-319
-319
-319
-319
-319
-319
-319
-319
-319
-320
-321
-322
-323
-324
-325
-326
-327
-328
-329
-330
-331
-332
-333
-334
-335
-336
-337
-338
-339
-340
-341
-342
-343
-344
-345
-346
-347
-347
-347
-347
-347
-347
-347
-347
-347
-347
-347
-347
-348
-349
-350
-351
-352
-352
-352
-352
-352
-352
-352
-352
-352
-352
-352
-352
-352
-352
-352
-352
-352
-352
-352
-352
-352
-352
-352
-352
-352
-352
-352
-352
-352
-352
-352
-352
-352
-352
-352
-352
-352
-352
-352
-352
-352
-352
-352
-352
-352
-352
-352
-352
-352
-352
-352
-352
-352
-352
-352
-352
-352
-352
-352
-352
-352
-352
-352
-352
-352
-352
-352
-352
-352
-352
-352
-352
-352
-352
-352
-352
-352
-352
-352
-352
-352
-352
-352
-352
-352
-352
-352
-352
-352
-352
-352
-352
-352
-352
-352
-352
-352
-352
-352
-352
-352
-352
-352
-352
-352
-352
-352
-352
-352
-352
-352
-352
-352
-352
-352
-352
-352
-352
-352
-352
-352
-352
-352
-352
-352
-352
-352
-352
-352
-352
-352
-352
-352
-352
-352
-352
-352
-352
-352
-352
-352
-352
-352
-352
-352
-352
-352
-352
-352
-352
-352
-352
-352
-352
-352
-352
-352
-352
-352
-352
-352
-352
-352
-352
-352
-352
-352
-352
-352
-352
-352
-352
-352
-352
-352
-352
-352
-352
-352
-352
-352
-352
-352
-352
-352
-352
-352
-352
-352
-352
-352
-352
-352
-352
-352
-352
-352
-352
-352
-352
-352
-352
-352
-352
-352
-352
-352
-352
-352
-352
-352
-352
-352
-352
-352
-352
-352
-352
-352
-352
-352
-352
-352
-352
-352
-352
-352
-352
-351
-350
-349
-348
-347
-346
-345
-344
-343
-342
-342
-342
-342
-342
-342
-342
-342
-342
-342
-342
-342
-342
-342
-342
-342
-342
-342
-342
-342
-342
-342
-342
-342
-342
-342
-342
-342
-342
-342
-342
-342
-342
-342
-342
-342
-342
-342
-342
-342
-342
-342
-342
-342
-342
-342
-342
-342
-342
-342
-342
-342
-342
-342
-342
-342
-342
-342
-342
-342
-342
-342
-342
-342
-342
-342
-342
-342
-342
-342
-342
-342
-342
-342
-342
-342
-342
-342
-342
-342
-342
-342
-342
-342
-342
-342
-342
-342
-342
-342
-342
-342
-342
-342
-342
-342
-342
-342
-342
-342
-342
-342
-342
-342
-342
-342
-342
-342
-342
-342
-342
-342
-342
-342
-342
-342
-342
-342
-342
-342
-342
-342
-342
-342
-342
-342
-342
-342
-342
-342
-342
-342
-342
-342
-342
-342
-342
-342
-342
-342
-342
-342
-342
-342
-342
-342
-342
-342
-342
-342
-342
-342
-342
-342
-342
-342
-342
-342
-342
-342
-342
-342
-342
-342
-342
-342
-342
-342
-342
-342
-342
-342
-342
-342
-342
-342
-342
-342
-342
-342
-342
-342
-342
-342
-342
-342
-342
-342
-342
-342
-342
-342
-342
-342
-342
-342
-342
-342
-342
-342
-342
-342
-342
-342
-342
-342
-342
-342
-342
-342
-342
-342
-342
-342
-342
-342
-342
-342
-342
-342
-342
-342
-342
-342
-342
-342
-342
-342
-342
-342
-342
-342
-342
-342
-342
-342
-342
-342
-342
-342
-342
-342
-342
-342
-342
-342
-342
-342
-342
-342
-342
-342
-342
-342
-342
-342
-342
-342
-342
-342
-341
-340
-339
-338
-337
-336
-335
-334
-333
-332
-331
-330
-329
-328
-327
-326
-325
-324
-324
-324
-324
-324
-324
-324
-324
-324
-324
-324
-324
-324
-323
-322
-321
-320
-319
-318
-318
-318
-318
-318
-318
-318
-318
-318
-318
-318
-318
-318
-318
-318
-318
-318
-318
-318
-318
-318
-318
-318
-318
-318
-318
-318
-318
-318
-318
-318
-318
-318
-318
-318
-318
-318
-318
-318
-318
-318
-318
-318
-318
-318
-318
-318
-318
-320
-322
-324
-326
-328
-330
-332
-334
-336
-338
-338
-338
-338
-338
-338
-338
-338
-338
-338
-338
-338
-338
-338
-338
-338
-338
-338
-338
-338
-338
-338
-338
-338
-338
-338
-338
-338
-338
-338
-338
-340
-342
-344
-346
-348
-350
-352
-354
-356
-358
0
1
2
3
4
5
6
7
8
9
10
10
10
10
10
10
10
10
11
12
13
14
15
16
17
18
19
20
21
22
23
23
23
23
23
23
23
23
23
23
23
23
23
23
23
23
23
23
23
23
23
23
23
23
23
23
23
23
23
23
23
23
23
23
23
23
23
23
23
23
23
23
23
23
23
23
23
23
23
23
23
23
23
23
23
23
23
23
23
23
23
23
23
23
23
23
23
23
23
23
23
23
23
23
23
23
23
23
23
23
23
23
23
23
23
23
23
23
23
23
23
23
23
23
23
23
23
23
23
25
27
29
31
33
35
37
39
41
43
43
43
43
43
43
43
43
43
43
43
43
43
43
43
45
47
49
51
53
55
57
59
61
63
65
67
69
71
73
75
77
79
81
83
85
87
89
91
93
95
97
99
101
103
105
107
109
111
113
115
117
119
119
119
119
119
119
119
119
119
119
119
119
119
119
119
119
119
119
119
119
119
119
119
119
119
119
119
119
119
119
119
119
119
119
119
119
119
119
119
121
123
125
127
129
131
133
135
137
139
139
139
139
139
139
139
139
139
139
139
139
139
139
139
139
139
139
139
139
139
139
139
139
139
139
139
139
139
139
139
139
139
139
139
139
139
139
139
139
139
139
140
141
142
143
144
145
146
147
148
149
150
151
152
153
154
155
156
157
158
159
160
161
162
163
164
165
166
167
168
169
170
171
172
173
174
175
176
177
178
178
178
178
178
178
178
178
178
178
178
178
178
178
178
178
178
178
178
178
178
178
178
178
179
180
181
182
183
184
185
186
187
188
189
189
189
189
189
189
189
189
189
189
189
189
189
189
189
189
189
189
189
189
189
189
189
189
189
189
189
189
189
189
189
189
189
189
189
189
189
189
189
189
189
189
189
189
189
189
189
189
189
189
189
189
189
189
189
189
189
189
189
189
189
189
189
189
189
189
189
189
189
189
189
189
189
189
189
189
189
189
189
189
189
189
189
189
189
189
189
189
189
189
189
189
189
189
189
189
189
189
189
189
189
189
189
189
189
189
189
189
189
189
189
189
189
189
189
189
189
189
189
189
189
189
189
189
189
189
189
189
189
189
189
189
189
189
189
189
189
189
189
189
189
191
193
195
197
199
201
203
205
207
209
209
209
209
209
209
209
209
209
209
209
209
209
209
211
213
215
217
219
221
223
225
227
229
231
233
235
237
239
241
243
245
247
249
251
253
255
257
259
260
261
262
263
264
265
266
267
268
269
269
269
269
270
271
272
273
274
275
276
277
278
279
280
281
282
283
284
285
286
287
288
289
290
291
292
293
294
295
295
295
295
295
295
295
296
297
298
299
300
301
302
303
304
305
306
307
308
309
310
311
312
313
314
315
316
317
318
319
320
321
322
323
324
325
326
327
328
329
330
331
332
333
334
335
336
337
338
339
340
341
342
343
344
345
346
347
348
349
350
351
352
353
354
355
356
357
358
359
0
1
1
1
1
1
2
3
4
5
6
7
8
9
10
10
10
10
10
10
10
10
10
10
10
10
10
10
10
10
10
10
10
10
10
10
10
10
10
10
10
10
10
10
10
10
10
10
10
10
10
10
10
10
10
10
10
10
10
10
10
10
10
10
10
10
10
10
10
10
10
10
10
10
10
10
10
10
10
10
10
10
10
10
10
10
10
10
10
10
10
10
10
10
10
10
10
10
10
10
10
10
10
10
10
10
10
10
10
10
10
10
10
10
10
10
10
10
10
10
10
10
10
10
10
10
10
10
10
10
10
10
10
10
10
10
10
10
10
10
10
10
10
10
10
10
10
10
10
10
10
10
10
10
10
10
10
10
10
10
10
10
10
10
10
10
10
10
10
10
10
10
10
10
10
10
10
10
10
10
10
10
10
10
10
10
10
10
10
10
10
10
10
10
10
10
10
10
10
10
10
10
10
10
10
10
10
10
10
10
10
10
10
10
10
10
10
10
10
10
10
10
10
10
10
10
10
10
10
10
10
10
10
10
10
10
10
10
10
10
10
10
10
10
10
10
10
10
10
10
10
10
10
10
10
10
10
10
10
10
10
10
10
10
10
10
10
10
10
10
10
10
10
10
10
10
10
10
10
10
10
10
10
10
10
10
10
10
10
10
10
10
10
10
10
10
10
10
10
10
10
10
10
10
10
10
10
11
12
13
14
15
16
17
18
19
20
21
22
23
24
25
26
27
28
29
30
31
32
33
34
35
36
37
38
39
40
41
42
43
44
45
46
47
48
49
50
51
52
53
54
55
56
57
58
59
60
61
62
63
64
65
66
67
68
69
70
71
72
73
74
75
76
77
78
79
80
81
82
83
84
85
86
87
88
89
90
91
92
93
94
95
96
96
96
96
96
96
96
96
96
96
96
96
96
96
96
96
96
96
96
96
96
96
96
96
96
96
96
96
96
96
96
96
96
96
96
96
96
96
96
96
96
96
96
96
96
96
96
96
96
96
96
96
96
96
96
96
96
96
96
96
96
96
96
96
96
96
96
96
96
96
96
96
96
96
96
96
96
96
96
96
96
96
96
96
96
96
96
96
96
96
96
96
96
96
96
96
96
96
96
96
96
96
96
96
96
96
96
96
96
96
96
96
96
96
96
96
96
96
96
96
96
96
96
96
96
96
96
96
96
96
96
96
96
96
96
96
96
96
96
96
96
96
96
96
96
96
96
96
96
96
96
96
96
96
96
96
96
96
96
96
96
96
96
96
96
96
96
96
96
96
96
96
96
96
96
96
96
96
96
96
96
96
96
96
96
96
96
96
96
96
96
96
96
96
96
96
96
96
96
96
96
96
96
96
96
96
96
96
96
96
96
96
96
96
96
96
96
96
96
96
96
96
96
96
96
96
96
96
96
96
96
96
96
96
96
96
96
96
96
96
96
96
96
96
96
96
96
96
96
96
96
96
96
96
96
96
96
96
96
96
96
96
96
96
96
96
96
96
96
96
96
96
96
96
96
96
96
96
96
96
96
96
96
96
96
96
96
96
96
96
96
97
98
99
100
101
102
103
104
105
106
107
108
109
110
111
112
113
114
115
116
117
118
119
120
121
122
123
124
125
126
124
122
120
118
116
114
112
110
108
106
106
106
106
106
106
106
106
106
106
106
104
102
100
98
96
94
92
90
88
86
84
82
81
80
79
78
77
76
75
74
73
72
72
72
72
72
72
72
72
72
72
72
72
72
72
72
72
72
72
72
72
72
72
72
72
72
72
72
72
72
72
72
72
72
72
72
72
72
72
72
72
72
72
72
72
72
72
72
72
72
72
72
72
72
72
72
72
72
72
72
72
72
72
72
72
72
72
72
72
72
72
72
72
72
72
72
72
72
72
72
72
72
72
72
72
72
72
72
72
72
72
72
72
72
72
72
72
72
71
70
69
68
67
66
65
64
63
62
61
60
59
58
57
56
55
54
53
52
51
50
49
48
47
46
45
44
43
42
41
41
41
41
41
41
41
40
39
38
37
36
35
34
33
32
31
30
29
28
27
26
25
24
23
22
21
20
19
18
17
16
15
14
13
12
11
10
9
8
7
6
5
4
3
2
1
0
-1
-2
-3
-4
-5
-5
-5
-5
-5
-5
-5
-5
-5
-5
-5
-5
-5
-5
-5
-5
-5
-5
-5
-5
-5
-5
-5
-5
-5
-5
-5
-5
-5
-5
-5
-5
-5
-5
-5
-5
-5
-5
-5
-5
-5
-5
-5
-5
-5
-5
-5
-5
-5
-5
-5
-5
-5
-5
-5
-5
-5
-5
-5
-5
-5
-5
-5
-5
-5
-5
-5
-5
-5
-5
-5
-5
-5
-5
-5
-5
-5
-5
-5
-5
-5
-5
-5
-5
-5
-5
-5
-5
-5
-5
-5
-5
-5
-5
-5
-5
-5
-5
-5
-5
-5
-5
-5
-5
-5
-5
-5
-5
-5
-5
-5
-5
-5
-5
-5
-5
-5
-5
-5
-5
-5
-5
-6
-7
-8
-9
-10
-11
-12
-13
-13
-13
-13
-13
-13
-13
-13
-13
-13
-13
-13
-13
-13
-13
-13
-13
-13
-13
-13
-13
-13
-13
-13
-13
-13
-13
-13
-13
-13
-13
-13
-13
-13
-13
-13
-13
-13
-13
-13
-13
-13
-13
-13
-13
-13
-13
-13
-13
-13
-13
-13
-13
-13
-13
-13
-13
-13
-13
-13
-13
-13
-13
-13
-13
-13
-13
-13
-13
-13
-13
-13
-13
-13
-13
-13
-13
-13
-13
-13
-13
-13
-13
-13
-13
-13
-13
-13
-13
-13
-13
-13
-13
-13
-13
-13
-13
-13
-13
-13
-13
-13
-13
-13
-12
-11
-10
-9
-8
-7
-6
-5
-4
-3
-3
-3
-3
-3
-3
-3
-3
-3
-3
-3
-3
-3
-3
-3
-3
-3
-3
-3
-3
-3
-3
-3
-3
-3
-3
-3
-3
-3
-3
-2
-1
0
1
2
3
4
5
6
7
8
9
10
11
12
13
14
15
15
15
15
15
15
15
16
17
18
19
20
21
22
23
24
25
26
27
28
29
29
29
29
29
29
29
29
29
29
29
29
29
29
29
29
29
29
29
29
29
29
29
29
29
29
29
29
29
29
29
29
29
29
29
29
29
29
29
29
29
29
29
29
29
29
29
29
29
29
29
29
29
29
29
29
29
29
29
29
29
29
29
29
29
29
29
29
29
29
29
29
29
29
29
29
29
29
29
29
29
29
29
29
29
29
29
29
29
29
29
29
29
29
29
29
29
29
29
29
29
29
29
29
29
29
29
29
29
29
29
29
29
29
29
29
29
29
29
29
29
29
29
29
29
29
29
29
29
29
29
29
29
29
29
29
29
29
29
29
29
29
29
29
29
29
29
29
29
29
29
29
29
29
29
29
29
29
29
29
29
29
29
29
29
29
29
29
29
29
29
29
29
29
29
29
29
29
29
29
29
29
29
29
29
29
29
29
29
29
29
29
29
29
29
29
29
29
29
29
29
29
29
29
29
29
29
29
29
29
29
29
29
29
29
29
29
29
29
29
29
29
29
29
29
29
29
29
29
29
29
29
29
29
29
29
29
29
29
29
29
29
29
29
29
29
29
29
29
29
29
29
29
29
29
29
29
29
29
29
29
29
29
29
29
29
29
30
31
32
33
34
35
36
37
38
39
40
41
42
43
44
45
46
47
48
49
50
51
52
53
54
55
56
57
58
59
60
61
62
63
64
65
66
67
68
69
70
71
72
73
74
75
76
77
78
79
80
81
82
83
84
85
86
87
88
89
90
91
92
93
94
95
96
97
98
99
100
101
102
103
104
105
106
107
108
109
110
111
112
113
114
115
116
117
118
119
120
120
120
120
120
120
120
120
120
120
120
120
120
120
120
120
120
120
120
120
120
120
120
120
120
120
120
120
120
120
120
120
121
122
123
124
125
126
127
128
129
130
131
132
133
134
135
136
137
138
139
140
141
142
143
144
145
146
147
148
149
150
151
152
153
154
155
156
157
158
159
160
161
162
163
164
165
166
167
167
167
167
167
167
167
167
167
167
167
167
167
167
167
167
167
167
167
167
167
167
167
167
167
167
167
167
167
167
167
167
167
167
167
167
167
167
167
167
167
168
169
170
171
172
173
174
175
176
177
178
177
176
175
174
173
172
171
170
169
168
168
168
167
166
165
164
163
162
161
160
159
158
157
156
155
154
153
152
151
150
149
148
147
146
145
144
143
142
141
140
139
138
137
136
135
134
133
132
131
130
129
128
127
126
125
124
123
122
121
120
119
118
117
116
115
114
113
112
111
110
109
108
107
106
105
104
103
102
101
100
99
98
97
96
95
94
93
92
91
90
89
88
87
86
85
84
83
82
81
81
81
81
81
81
81
81
81
81
81
81
81
81
81
81
81
81
81
81
81
81
81
81
81
81
81
81
81
81
81
81
81
81
81
81
81
81
81
81
81
81
81
81
